101295
101462
101569
101879
102030
102067
102313
102553
102614
102711
104160
104346
104425
104577
105206
105428
105525
105747
105792
106148
106467
107318
107549
107664
107974
108807
109208
109819
110334
111461
111717
111887
111939
112190
112561
112826
113096
113193
113236
113573
113634
114433
114789
115001
115296
117195
117247
117645
117690
117724
117867
118684
118718
118912
118930
118976
119067
119164
119331
119553
120342
120421
121044
121619
121707
121901
122205
122375
122658
122889
123013
123217
123299
123509
123527
123800
125091
126119
126711
127158
127556
127820
127884
127909
128151
129367
130907
132374
132693
132709
132976
133155
133386
133702
133960
134291
134343
134495
134608
135081
135179
135267
135276
135294
135407
135522
135647
135717
135735
136233
136473
136491
136659
136765
136826
137023
137087
137120
137209
137245
137315
137476
137713
138187
138372
138479
138488
138497
138682
138840
138956
139250
139278
139357
139384
139986
140012
140243
140252
140331
140678
140942
141006
141255
141796
141802
141811
141839
142443
142559
143215
144157
144166
144564
144865
144944
145682
146296
146366
146418
146472
146506
146685
147004
147378
147536
148007
148256
148292
148487
148496
148876
149532
149842
150987
151111
152637
153214
153311
153472
153524
153630
153737
153922
154572
154800
155052
155201
155210
155292
155423
155593
156082
156107
156231
156338
156648
156921
157304
157331
157483
157711
157793
158431
158617
158662
158884
159966
160065
160579
160667
161077
161138
161192
161545
161688
161767
162168
162557
162779
163028
163426
163657
164313
164775
164988
165033
165112
166133
166823
167312
167376
167534
167871
168847
169275
169910
170055
170082
170240
170541
170620
170639
170790
171225
171483
171535
172200
172264
172422
172617
173203
173559
173708
173735
173911
174428
174756
175041
175078
175236
175519
175573
175643
175652
175786
175810
175883
175935
176008
176035
176071
176080
176169
176798
177250
177472
177676
178697
178828
179308
179344
180197
180328
180373
180461
180489
180902
181303
181491
181640
182005
182281
182500
183026
183105
183123
183141
183488
183655
183743
183859
183877
184180
184205
184995
185509
185536
186034
186469
186645
187532
187596
187620
187648
187666
188137
188216
188225
188438
189547
189839
190415
190503
190619
191083
191199
193283
193308
193326
193478
193946
194222
194392
195058
195322
195988
196006
196024
196033
196051
196565
197294
197814
197850
197887
198118
198154
198206
198251
198260
198330
198455
198534
198622
198817
198862
198987
199023
199087
199324
199476
199634
199731
199786
199795
199838
199856
199926
199953
200059
200305
201928
202222
202356
203155
203599
203748
204255
204945
205470
205841
207050
207564
208318
209038
209074
209746
210155
210605
211307
211927
211981
212054
212878
212975
213020
213376
213525
213659
213987
214111
214379
215239
215415
215585
215637
215992
216825
217077
217235
217712
217749
217837
217989
218113
218140
218830
218894
219189
219408
220862
221184
221582
221643
221661
222062
222567
222992
224350
224615
224642
224961
225070
225423
226019
226116
226134
226204
227225
227304
227854
227979
228158
228547
228699
229179
229355
229504
230010
230162
230490
230603
230676
230737
230746
231697
231873
231882
232414
232946
233019
233116
233310
233639
233648
233772
233949
234696
234827
234933
234951
235103
235334
235431
235501
235547
235671
235699
236188
236258
236382
236504
236513
236638
236656
236692
236887
237473
238014
238263
238397
238722
238759
239008
239220
239248
239372
239442
239460
239488
239910
240116
240125
240170
240514
240666
240745
242112
242130
242149
242626
242644
242653
242662
242680
242705
242820
242972
243346
243586
243841
245625
245999
246813
246895
247603
247834
248934
250744
262031
363165
363633
364548
364627
364946
365213
365480
365505
366252
366395
366465
367459
368452
369419
375726
376242
376385
383084
383190
383367
383996
384333
395362
409315
412599
414911
417105
417637
417868
418296
418302
418348
418454
418533
418542
418560
419226
419341
420440
421896
427991
430795
430908
431141
431187
431558
431716
433068
434061
437103
437723
438984
440402
441423
441760
442781
442930
443492
444556
444565
444583
444954
445708
445911
446774
448248
448594
449339
449612
449816
450951
451583
451857
453297
454810
455512
455983
457387
457819
457943
459329
460349
460677
461087
481021
481137
481155
483045
485458
486390
487320
487889
488590
488934
491251
492324
493080
495138
495183
498739
499538
